country	CG	SC	ES	EQ	HS	HO	IW	JE	SW	PS	WL	numResponses
TOTAL	0.06865320162657011	0.08177762078376458	0.09890538727759765	0.09184317980159881	0.10390368417290087	0.08872460586793159	0.08682133380431538	0.09004840181496293	0.10321234982190991	0.09223173998427256	0.09387849504417559	66038
AFG	0.06707479371839234	0.0817141336172478	0.0896992281075326	0.09182858663827521	0.10327388874101677	0.093691775352675	0.09874900186318872	0.08996539792387544	0.09795049241416023	0.09103007718924674	0.09502262443438914	131
ALB	0.06843919251600197	0.08419497784342689	0.09453471196454949	0.08370260955194485	0.103397341211226	0.09453471196454949	0.10241260462826195	0.10142786804529788	0.09059576563269325	0.08517971442639094	0.0915805022156573	67
DZA	0.07845117845117845	0.07575757575757576	0.09292929292929293	0.09595959595959595	0.09663299663299663	0.09865319865319866	0.08956228956228957	0.09427609427609428	0.09764309764309764	0.09326599326599326	0.08686868686868687	94
AND	0.07610789980732177	0.08092485549132948	0.0905587668593449	0.10982658959537572	0.09922928709055877	0.08285163776493257	0.08863198458574181	0.08670520231213873	0.10115606936416185	0.09730250481695568	0.08670520231213873	33
AGO	0.08234019501625135	0.09534127843986999	0.09642470205850487	0.07583965330444203	0.09317443120260022	0.09967497291440953	0.09967497291440953	0.0866738894907909	0.10400866738894908	0.08559046587215602	0.08125677139761647	36
AIA	0.08831168831168831	0.07272727272727272	0.0987012987012987	0.09350649350649351	0.08311688311688312	0.0987012987012987	0.09610389610389611	0.09350649350649351	0.1012987012987013	0.09090909090909091	0.08311688311688312	15
ATG	0.07260726072607261	0.09570957095709572	0.11221122112211221	0.10231023102310231	0.07920792079207921	0.07920792079207921	0.06930693069306931	0.10561056105610561	0.10561056105610561	0.07260726072607261	0.10561056105610561	11
ARG	0.07472940566465747	0.08095145505217448	0.10441376628426988	0.09099747229243632	0.10337675805301705	0.0905437811912632	0.08496986194827921	0.0935899928705684	0.09501587918854106	0.09235854559595567	0.08905308185883726	437
ARM	0.07184579439252337	0.08820093457943926	0.09929906542056074	0.09345794392523364	0.10514018691588785	0.09170560747663552	0.08119158878504673	0.08586448598130841	0.10455607476635514	0.09579439252336448	0.08294392523364486	56
ABW	0.07446808510638298	0.08111702127659574	0.09707446808510638	0.09441489361702128	0.09973404255319149	0.0851063829787234	0.09840425531914894	0.09308510638297872	0.09175531914893617	0.09973404255319149	0.0851063829787234	23
AUS	0.06931664446303354	0.08057337009841889	0.09939998554182028	0.08951678697937644	0.10368580310024682	0.09097293222211895	0.08756493271782796	0.08923795065629808	0.10196114880565109	0.09281118650019106	0.09495925891501689	2835
AUT	0.06929585864986768	0.08044134640474149	0.09566854288589853	0.09792373355201849	0.10612442688336378	0.09059902337197599	0.08247288179818839	0.08709509076676483	0.10230364930853245	0.09531442203749953	0.09276102434114884	1440
AZE	0.06887052341597796	0.07713498622589532	0.09733700642791551	0.08356290174471992	0.10560146923783287	0.09641873278236915	0.0945821854912764	0.0881542699724518	0.09182736455463728	0.10743801652892562	0.08907254361799816	40
BHS	0.07307692307692308	0.09038461538461538	0.08846153846153847	0.09423076923076923	0.09038461538461538	0.09615384615384616	0.08076923076923077	0.09423076923076923	0.09230769230769231	0.10384615384615385	0.09615384615384616	20
BHR	0.0624385447394297	0.09193706981317601	0.10422812192723697	0.08308751229105212	0.10570304818092428	0.09488692232055064	0.08751229105211406	0.09193706981317601	0.10127826941986234	0.0943952802359882	0.08259587020648967	59
BGD	0.07548273844353423	0.08016383850204799	0.10064365125804564	0.09537741369221767	0.09830310122878877	0.08601521357519017	0.09420713867758923	0.08952603861907549	0.0930368636629608	0.09713282621416033	0.0901111761263897	50
BRB	0.07643312101910828	0.10987261146496816	0.08280254777070063	0.09554140127388536	0.09872611464968153	0.1035031847133758	0.07961783439490445	0.08917197452229299	0.09394904458598727	0.09713375796178345	0.0732484076433121	26
BLR	0.07935034802784223	0.08120649651972157	0.09466357308584687	0.09605568445475637	0.09837587006960556	0.08909512761020881	0.09095127610208817	0.08770301624129931	0.09744779582366589	0.09280742459396751	0.09234338747099768	75
BEL	0.06666960916293338	0.07911636837110762	0.10050095998940702	0.09271070112329795	0.10555469732747777	0.09182795224328559	0.08622249685520711	0.0888707434952442	0.10420850528545891	0.09204863946328869	0.09226932668329177	1235
BLZ	0.05217391304347826	0.06086956521739131	0.08695652173913043	0.10434782608695652	0.08695652173913043	0.06086956521739131	0.12173913043478261	0.08695652173913043	0.1391304347826087	0.12173913043478261	0.0782608695652174	5
BEN	0.08260869565217391	0.0782608695652174	0.08695652173913043	0.08695652173913043	0.09130434782608696	0.09565217391304348	0.09565217391304348	0.09130434782608696	0.09130434782608696	0.09565217391304348	0.10434782608695652	7
BMU	0.06077348066298342	0.0718232044198895	0.09944751381215469	0.09944751381215469	0.11049723756906077	0.07734806629834254	0.09392265193370165	0.07734806629834254	0.11049723756906077	0.10497237569060773	0.09392265193370165	4
BTN	0.07142857142857142	0.11654135338345864	0.11278195488721804	0.12030075187969924	0.10526315789473684	0.07894736842105263	0.06766917293233082	0.08270676691729323	0.09398496240601503	0.07518796992481203	0.07518796992481203	8
BOL	0.06580829756795423	0.0815450643776824	0.1072961373390558	0.09656652360515021	0.10658082975679542	0.08655221745350501	0.07868383404864092	0.09513590844062947	0.09871244635193133	0.0944206008583691	0.08869814020028613	41
BIH	0.053465346534653464	0.07425742574257425	0.10396039603960396	0.08415841584158416	0.10792079207920792	0.09108910891089109	0.08613861386138613	0.09801980198019802	0.11287128712871287	0.08811881188118811	0.1	28
BWA	0.071875	0.075	0.121875	0.09375	0.096875	0.09375	0.1	0.090625	0.084375	0.084375	0.0875	13
BRA	0.06727402778300644	0.07664796897940744	0.10469449986823777	0.08813010578624403	0.10345217031208824	0.08639837367767195	0.08496781237059067	0.088883032789971	0.10394157286451079	0.10017693784587585	0.09543349772239582	754
BRN	0.08542713567839195	0.06532663316582915	0.09045226130653267	0.08040201005025126	0.11055276381909548	0.07035175879396985	0.08542713567839195	0.11557788944723618	0.09045226130653267	0.10050251256281408	0.10552763819095477	6
BGR	0.06654536002079542	0.07772290096178841	0.09565895502989342	0.08734078502729399	0.10085781128151806	0.08786067065245647	0.09721861190538082	0.09565895502989342	0.10813621003379256	0.08864049909020015	0.09435924096698727	114
BFA	0.07954545454545454	0.06818181818181818	0.11363636363636363	0.07954545454545454	0.07954545454545454	0.10795454545454546	0.07954545454545454	0.09659090909090909	0.10227272727272728	0.08522727272727272	0.10795454545454546	7
BDI	0.07894736842105263	0.09868421052631579	0.09868421052631579	0.09868421052631579	0.10526315789473684	0.07236842105263158	0.08552631578947369	0.08552631578947369	0.09868421052631579	0.08552631578947369	0.09210526315789473	4
KHM	0.06182795698924731	0.07526881720430108	0.10483870967741936	0.08602150537634409	0.12365591397849462	0.08602150537634409	0.0913978494623656	0.0967741935483871	0.11827956989247312	0.08602150537634409	0.06989247311827956	10
CMR	0.05985915492957746	0.07746478873239436	0.10211267605633803	0.08450704225352113	0.10915492957746478	0.0880281690140845	0.09154929577464789	0.1056338028169014	0.07746478873239436	0.09859154929577464	0.1056338028169014	9
CAN	0.06657928487872253	0.08135667272701648	0.09870618578495624	0.090813637196454	0.10638027990359816	0.08891801615153694	0.08671233069778586	0.08889687539638916	0.10282158612038955	0.09555621326793794	0.09325891787521316	3784
CPV	0.08585858585858586	0.06565656565656566	0.09090909090909091	0.08080808080808081	0.10606060606060606	0.07575757575757576	0.10606060606060606	0.10606060606060606	0.10606060606060606	0.09595959595959595	0.08080808080808081	6
CYM	0.037383177570093455	0.0794392523364486	0.11214953271028037	0.102803738317757	0.10747663551401869	0.0794392523364486	0.09345794392523364	0.0514018691588785	0.102803738317757	0.1308411214953271	0.102803738317757	6
CAF	0.09333333333333334	0.04	0.10666666666666667	0.08	0.13333333333333333	0.08	0.09333333333333334	0.10666666666666667	0.10666666666666667	0.10666666666666667	0.05333333333333334	2
TCD	0.06557377049180328	0.08196721311475409	0.12295081967213115	0.09016393442622951	0.09016393442622951	0.10655737704918032	0.09836065573770492	0.09016393442622951	0.07377049180327869	0.09016393442622951	0.09016393442622951	3
CHL	0.07638507268821501	0.08083129340060949	0.1053104860868262	0.09177199380526553	0.10041464754958286	0.08697607034021082	0.08462806614377778	0.09147224858869961	0.09841634610581006	0.08747564570115401	0.09631812958984863	566
CHN	0.06678921568627451	0.08003982843137254	0.09727328431372549	0.09551164215686274	0.10424325980392157	0.0858609068627451	0.09114583333333333	0.09022671568627451	0.09826899509803921	0.10087316176470588	0.0897671568627451	403
COL	0.07492730932677254	0.07641840005964363	0.1010213971520167	0.09200029821814658	0.1010213971520167	0.0845448445537911	0.08939088943562216	0.09214940729143369	0.0963990158801163	0.09587713412361142	0.0962499068068292	360
COM	0.09803921568627451	0.09803921568627451	0.049019607843137254	0.09803921568627451	0.09803921568627451	0.09803921568627451	0.08823529411764706	0.09803921568627451	0.08823529411764706	0.09803921568627451	0.08823529411764706	2
COG	0.06111111111111111	0.08888888888888889	0.10555555555555556	0.08333333333333333	0.07777777777777778	0.08888888888888889	0.1111111111111111	0.1	0.07222222222222222	0.11666666666666667	0.09444444444444444	5
COK	0.045871559633027525	0.045871559633027525	0.045871559633027525	0.10091743119266056	0.13761467889908258	0.10091743119266056	0.08256880733944955	0.12844036697247707	0.10091743119266056	0.13761467889908258	0.07339449541284404	4
CRI	0.06994603569946035	0.07119136571191366	0.10460772104607721	0.09858862598588626	0.10792860107928601	0.08717310087173101	0.08385222083852222	0.08924865089248651	0.10211706102117062	0.09339975093399751	0.09194686591946866	137
HRV	0.06105077781039037	0.07660698561784561	0.10067508071617258	0.09333724684473144	0.10801291458761374	0.0848253595538597	0.09451130026416202	0.09451130026416202	0.1027296742001761	0.09128265336072791	0.09245670678015849	94
CUB	0.060267857142857144	0.07366071428571429	0.109375	0.08258928571428571	0.11607142857142858	0.09151785714285714	0.08482142857142858	0.078125	0.10714285714285714	0.11383928571428571	0.08258928571428571	13
CYP	0.05691699604743083	0.07905138339920949	0.09565217391304348	0.07984189723320158	0.09644268774703557	0.09644268774703557	0.108300395256917	0.08695652173913043	0.0932806324110672	0.08695652173913043	0.12015810276679842	46
CZE	0.06847284000539156	0.07817765197465966	0.09745248685806712	0.09650896347216606	0.10365278339398841	0.08559105000673946	0.08949993260547244	0.08882598732982881	0.10338320528373096	0.09489149481062138	0.09354360425933414	218
CIV	0.05973025048169557	0.08477842003853564	0.10789980732177264	0.0905587668593449	0.11175337186897881	0.09441233140655106	0.1001926782273603	0.09441233140655106	0.08863198458574181	0.09441233140655106	0.07321772639691715	14
PRK	0.08121827411167512	0.09644670050761421	0.09137055837563451	0.08121827411167512	0.10152284263959391	0.08121827411167512	0.08121827411167512	0.08121827411167512	0.1319796954314721	0.10152284263959391	0.07106598984771574	6
COD	0.04854368932038835	0.07766990291262135	0.08737864077669903	0.06796116504854369	0.08737864077669903	0.12135922330097088	0.1262135922330097	0.08737864077669903	0.10194174757281553	0.09223300970873786	0.10194174757281553	8
DNK	0.07444286391654813	0.08108108108108109	0.10111427216690375	0.09394262683736368	0.10206258890469416	0.08445945945945946	0.08048838311996206	0.08848980559506875	0.10935277382645804	0.0905642484589853	0.09400189663347558	469
DJI	0.11363636363636363	0.09090909090909091	0.09090909090909091	0.09090909090909091	0.09090909090909091	0.06818181818181818	0.045454545454545456	0.06818181818181818	0.11363636363636363	0.11363636363636363	0.11363636363636363	1
DMA	0.075	0.125	0.075	0.125	0.125	0.125	0.05	0.05	0.125	0.05	0.075	2
DOM	0.07441655658300309	0.08234258036107442	0.09995596653456627	0.09026860413914575	0.10523998238661382	0.08234258036107442	0.0845442536327609	0.08718626155878467	0.10127697049757815	0.09907529722589167	0.09335094671950682	64
ECU	0.06638755980861244	0.0798444976076555	0.10316985645933015	0.08851674641148326	0.10316985645933015	0.090311004784689	0.08881578947368421	0.09180622009569378	0.09389952153110048	0.10047846889952153	0.09360047846889952	96
EGY	0.07351351351351351	0.07891891891891892	0.09945945945945946	0.09405405405405405	0.1009009009009009	0.09153153153153153	0.09081081081081081	0.08540540540540541	0.09837837837837837	0.09585585585585586	0.09117117117117117	76
SLV	0.06671779141104295	0.08128834355828221	0.10659509202453987	0.0897239263803681	0.0950920245398773	0.09432515337423313	0.09355828220858896	0.09279141104294479	0.09279141104294479	0.09279141104294479	0.09432515337423313	34
ERI	0.08333333333333333	0.08333333333333333	0.08333333333333333	0.08333333333333333	0.08333333333333333	0.08333333333333333	0.08333333333333333	0.041666666666666664	0.20833333333333334	0.08333333333333333	0.08333333333333333	2
EST	0.06827557755775578	0.07632013201320131	0.09735973597359736	0.09694719471947194	0.10231023102310231	0.09653465346534654	0.09179042904290428	0.0889026402640264	0.0983910891089109	0.09818481848184818	0.08498349834983498	144
ETH	0.0737913486005089	0.09414758269720101	0.0916030534351145	0.08396946564885496	0.09923664122137404	0.09923664122137404	0.09923664122137404	0.10432569974554708	0.08142493638676845	0.089058524173028	0.08396946564885496	11
EU	0.07289455060155697	0.07643312101910828	0.10261854210898796	0.10544939844302902	0.1040339702760085	0.0927105449398443	0.0799716914366596	0.09129511677282377	0.10332625619249823	0.07572540693559802	0.09554140127388536	40
FRO	0.06206896551724138	0.1103448275862069	0.08275862068965517	0.08275862068965517	0.1310344827586207	0.09655172413793103	0.07586206896551724	0.07586206896551724	0.12413793103448276	0.09655172413793103	0.06206896551724138	4
FJI	0.058394160583941604	0.06934306569343066	0.0948905109489051	0.0948905109489051	0.10583941605839416	0.09854014598540146	0.08759124087591241	0.10583941605839416	0.09854014598540146	0.0948905109489051	0.09124087591240876	6
FIN	0.07085631731021802	0.08096926713947991	0.10047281323877069	0.09929078014184398	0.1024428684003152	0.08635408458103494	0.0797872340425532	0.08655109009718939	0.10401891252955082	0.097123719464145	0.09213291305489887	414
MKD	0.06988847583643122	0.08327137546468401	0.09219330855018587	0.09368029739776952	0.10037174721189591	0.07881040892193308	0.09368029739776952	0.09739776951672863	0.09888475836431226	0.09219330855018587	0.09962825278810408	38
FRA	0.06419630018753653	0.08719552207229658	0.09796004718892423	0.09233753706804743	0.10670936140763557	0.09292919151316521	0.08609468622592593	0.09115781396232775	0.09971349581718236	0.08811706869287397	0.09358897586408442	7754
GUF	0.06936416184971098	0.09248554913294797	0.09826589595375723	0.10404624277456648	0.10982658959537572	0.07514450867052024	0.07514450867052024	0.09826589595375723	0.10404624277456648	0.07514450867052024	0.09826589595375723	5
GAB	0.06147540983606557	0.05327868852459016	0.0942622950819672	0.10245901639344263	0.12704918032786885	0.09836065573770492	0.08196721311475409	0.0860655737704918	0.09836065573770492	0.10655737704918032	0.09016393442622951	8
GMB	0.06	0.08	0.2	0.06	0.1	0.08	0.06	0.1	0.08	0.1	0.08	2
GEO	0.08146399055489964	0.09208972845336481	0.09445100354191263	0.09090909090909091	0.09327036599763873	0.09327036599763873	0.09445100354191263	0.09090909090909091	0.09445100354191263	0.089728453364817	0.08500590318772137	27
DEU	0.06804979645039719	0.08133010928393988	0.10006045092612707	0.09289134890574378	0.10590718893748052	0.08910844329419766	0.08398900548781063	0.08789942477165608	0.10676672554334993	0.09085585287755854	0.09314165352173873	5840
GHA	0.07561436672967864	0.08695652173913043	0.08695652173913043	0.0888468809073724	0.0945179584120983	0.09262759924385633	0.08695652173913043	0.09262759924385633	0.1001890359168242	0.09829867674858223	0.09640831758034027	14
GIB	0.07692307692307693	0.0641025641025641	0.08974358974358974	0.0641025641025641	0.1282051282051282	0.08974358974358974	0.10256410256410256	0.10256410256410256	0.08974358974358974	0.08974358974358974	0.10256410256410256	2
GRC	0.06836405720426553	0.07977184425890717	0.09837149706538811	0.09308092915598909	0.10440605108704637	0.08655038439282467	0.09250227329089857	0.09299826403240473	0.1016781020087625	0.09134496156071753	0.09093163594279574	334
GRL	0.07317073170731707	0.036585365853658534	0.12195121951219512	0.12195121951219512	0.12195121951219512	0.10975609756097561	0.10975609756097561	0.12195121951219512	0.024390243902439025	0.12195121951219512	0.036585365853658534	2
GRD	0.0975609756097561	0.12195121951219512	0.08536585365853659	0.0975609756097561	0.0975609756097561	0.08536585365853659	0.06097560975609756	0.08536585365853659	0.10975609756097561	0.04878048780487805	0.10975609756097561	2
GTM	0.06184428492545555	0.07399226946438432	0.10325786858089453	0.09221424627277747	0.097736057426836	0.08724461623412479	0.09000552181115405	0.0966316951960243	0.10104914411927111	0.09552733296521258	0.10049696300386526	53
GGY	0.0663265306122449	0.09693877551020408	0.09183673469387756	0.07142857142857142	0.11224489795918367	0.08163265306122448	0.08673469387755102	0.10204081632653061	0.11224489795918367	0.08673469387755102	0.09183673469387756	5
GIN	0.061224489795918366	0.061224489795918366	0.10204081632653061	0.08163265306122448	0.10204081632653061	0.08163265306122448	0.09183673469387756	0.10204081632653061	0.05102040816326531	0.14285714285714285	0.12244897959183673	3
GUY	0.08823529411764706	0.08088235294117647	0.08823529411764706	0.09558823529411764	0.11029411764705882	0.11029411764705882	0.08088235294117647	0.0661764705882353	0.08088235294117647	0.09558823529411764	0.10294117647058823	4
HTI	0.06735751295336788	0.08290155440414508	0.09067357512953368	0.08290155440414508	0.11398963730569948	0.09844559585492228	0.09067357512953368	0.09844559585492228	0.08549222797927461	0.09844559585492228	0.09067357512953368	11
HND	0.0755608028335301	0.08382526564344746	0.1050767414403778	0.089728453364817	0.09799291617473435	0.0885478158205431	0.09090909090909091	0.09208972845336481	0.09681227863046045	0.09563164108618655	0.08382526564344746	22
HKG	0.06541499031440919	0.07986887200119207	0.0925346446133214	0.09447176277752943	0.1034123081507972	0.09342869915064819	0.0925346446133214	0.08582923558337059	0.10058113544926241	0.10147518998658918	0.09044851735955893	186
HUN	0.06442211492452912	0.08551916133803124	0.0969594153725695	0.0928705032841794	0.09856888076906346	0.09278350515463918	0.08721562486406542	0.0865196398277437	0.10261429379268346	0.09861237983383357	0.09391448083866197	685
ISL	0.06863002892453327	0.08466999737049698	0.09597686037338943	0.0875624506968183	0.1046542203523534	0.088088351301604	0.08835130160399685	0.09334735734946095	0.0991322640021036	0.09992111490928214	0.08966605311596108	100
IND	0.07208201167655036	0.07815014021054567	0.09598676044683492	0.0905622213028088	0.09764170459247	0.08697650898726612	0.09575690709327449	0.09276881349698893	0.10191697696869398	0.09557302441042614	0.09258493081414058	601
IDN	0.06698741672834937	0.0847520355292376	0.1002960769800148	0.0840118430792006	0.09400444115470022	0.09622501850481126	0.09733530717986677	0.09067357512953368	0.0999259807549963	0.0928941524796447	0.0928941524796447	83
IRQ	0.07341772151898734	0.06329113924050633	0.09113924050632911	0.06835443037974684	0.10632911392405063	0.09367088607594937	0.10886075949367088	0.09367088607594937	0.10126582278481013	0.09873417721518987	0.10126582278481013	13
IRL	0.06814555952290512	0.08485907467902454	0.09876168046797842	0.08835371875712224	0.10278811821013446	0.08736610195244245	0.08516295677277216	0.09048089341335562	0.10954949479601915	0.086910278811821	0.09762212261642483	370
IRN	0.0719946046197943	0.08615747765975383	0.09087843533974034	0.08767492834260664	0.09644242117686731	0.08936098465688753	0.09543078738829877	0.09762266059686393	0.09829708312257629	0.09593660428258304	0.09020401281402798	166
IMN	0.08053691275167785	0.0738255033557047	0.04697986577181208	0.10067114093959731	0.14093959731543623	0.0738255033557047	0.12751677852348994	0.08053691275167785	0.08053691275167785	0.08053691275167785	0.11409395973154363	6
ISR	0.06396358627298317	0.07624124094148649	0.10391088219440618	0.08372761573935437	0.10870216206504163	0.09037551655986105	0.09762232736419717	0.09109420854045637	0.09983829430436605	0.09151344552913697	0.09301072048871055	521
ITA	0.07513658770977559	0.08439073873040166	0.09826306703920556	0.095620295065046	0.10275666921749034	0.08507590183481341	0.08166788275702515	0.0919275328789308	0.10256980655265079	0.0885017173568721	0.09408980085778862	3021
JAM	0.059322033898305086	0.08898305084745763	0.09745762711864407	0.07627118644067797	0.11440677966101695	0.09322033898305085	0.1059322033898305	0.09322033898305085	0.1016949152542373	0.09322033898305085	0.07627118644067797	7
JPN	0.06727881727881728	0.08096558096558097	0.09817509817509817	0.0893970893970894	0.10187110187110188	0.08726033726033726	0.08454608454608455	0.08795333795333796	0.10273735273735274	0.10868560868560868	0.09112959112959113	523
JEY	0.057971014492753624	0.08333333333333333	0.09057971014492754	0.09057971014492754	0.10869565217391304	0.09057971014492754	0.08333333333333333	0.10144927536231885	0.10869565217391304	0.10144927536231885	0.08333333333333333	7
JOR	0.0634441087613293	0.08157099697885196	0.1042296072507553	0.09214501510574018	0.09969788519637462	0.0891238670694864	0.09516616314199396	0.09063444108761329	0.09516616314199396	0.09667673716012085	0.09214501510574018	20
KAZ	0.07731582786287382	0.08315098468271334	0.09846827133479212	0.09117432530999271	0.09482129832239242	0.08825674690007294	0.09482129832239242	0.08971553610503283	0.09773887673231219	0.09846827133479212	0.08606856309263311	42
KEN	0.07590759075907591	0.0891089108910891	0.09075907590759076	0.08745874587458746	0.10231023102310231	0.09735973597359736	0.0924092409240924	0.0891089108910891	0.09735973597359736	0.0891089108910891	0.0891089108910891	18
KIR	0.05063291139240506	0.0759493670886076	0.11392405063291139	0.0759493670886076	0.11392405063291139	0.0759493670886076	0.10126582278481013	0.08860759493670886	0.10126582278481013	0.11392405063291139	0.08860759493670886	2
KOR	0.0720439124799878	0.08164976747731952	0.09514370664023786	0.08820614469772052	0.10002287108332698	0.08622398414271557	0.08889227719752993	0.09262788747427003	0.10482579858199284	0.09948921247236411	0.09087443775253488	401
KWT	0.06739130434782609	0.0782608695652174	0.08043478260869565	0.08260869565217391	0.09782608695652174	0.09782608695652174	0.11739130434782609	0.09782608695652174	0.09347826086956522	0.09130434782608696	0.09565217391304348	13
KGZ	0.06622516556291391	0.07947019867549669	0.11258278145695365	0.08609271523178808	0.10596026490066225	0.07947019867549669	0.07947019867549669	0.07947019867549669	0.09933774834437085	0.11258278145695365	0.09933774834437085	6
LAO	0.05309734513274336	0.09734513274336283	0.10619469026548672	0.11504424778761062	0.08849557522123894	0.08849557522123894	0.07079646017699115	0.07964601769911504	0.12389380530973451	0.07964601769911504	0.09734513274336283	3
LVA	0.0722338204592902	0.0826722338204593	0.09227557411273486	0.08810020876826723	0.09603340292275574	0.08684759916492693	0.09728601252609603	0.09394572025052192	0.10521920668058456	0.09686847599164927	0.08851774530271399	65
LBN	0.063006300630063	0.09045904590459046	0.09855985598559856	0.08010801080108011	0.09900990099009901	0.08820882088208822	0.1035103510351035	0.09765976597659766	0.09855985598559856	0.08640864086408641	0.09450945094509451	57
LSO	0.034482758620689655	0.034482758620689655	0.1724137931034483	0.034482758620689655	0.1724137931034483	0.034482758620689655	0.10344827586206896	0.10344827586206896	0.1724137931034483	0.10344827586206896	0.034482758620689655	1
LBY	0.06722689075630252	0.09243697478991597	0.09243697478991597	0.08403361344537816	0.07563025210084033	0.10084033613445378	0.10084033613445378	0.10084033613445378	0.10084033613445378	0.08403361344537816	0.10084033613445378	4
LIE	0.05747126436781609	0.10919540229885058	0.09195402298850575	0.1206896551724138	0.10919540229885058	0.07471264367816093	0.05747126436781609	0.08045977011494253	0.10919540229885058	0.10919540229885058	0.08045977011494253	5
LTU	0.06995073891625615	0.08604269293924466	0.10082101806239738	0.09425287356321839	0.10377668308702792	0.08078817733990148	0.08932676518883416	0.090311986863711	0.10049261083743842	0.09326765188834155	0.0909688013136289	92
LUX	0.06068204613841525	0.07773319959879639	0.09311267134737546	0.09445001671681712	0.10581745235707121	0.09110665329321298	0.09712470745570044	0.09110665329321298	0.10230692076228685	0.09378134403209629	0.09277833500501505	170
MAC	0.060526315789473685	0.07105263157894737	0.10526315789473684	0.09736842105263158	0.09473684210526316	0.1	0.0868421052631579	0.09473684210526316	0.10526315789473684	0.09210526315789473	0.09210526315789473	13
MDG	0.07608695652173914	0.06521739130434782	0.10144927536231885	0.10144927536231885	0.10144927536231885	0.08695652173913043	0.09057971014492754	0.09420289855072464	0.09420289855072464	0.10144927536231885	0.08695652173913043	8
MWI	0.07216494845360824	0.07731958762886598	0.08762886597938144	0.10309278350515463	0.0979381443298969	0.0979381443298969	0.0979381443298969	0.10309278350515463	0.08247422680412371	0.10309278350515463	0.07731958762886598	5
MYS	0.07685551163812034	0.08146684233640755	0.09464207290294246	0.09156785243741765	0.09859464207290294	0.08410188844971454	0.09134826526130874	0.09090909090909091	0.09793588054457619	0.09442248572683355	0.0981554677206851	122
MDV	0.06	0.09	0.09	0.11	0.12	0.1	0.08	0.06	0.11	0.09	0.09	3
MLI	0.06	0.12	0.08	0.08	0.08	0.12	0.08	0.08	0.06	0.08	0.16	2
MLT	0.058287795992714025	0.07012750455373407	0.09198542805100182	0.09289617486338798	0.10473588342440801	0.09289617486338798	0.09744990892531877	0.10200364298724955	0.11293260473588343	0.09380692167577413	0.08287795992714025	30
MHL	0.029411764705882353	0.058823529411764705	0.08823529411764706	0.08823529411764706	0.11764705882352941	0.08823529411764706	0.14705882352941177	0.14705882352941177	0.08823529411764706	0.058823529411764705	0.08823529411764706	1
MRT	0.09090909090909091	0.06818181818181818	0.09090909090909091	0.11363636363636363	0.06818181818181818	0.09090909090909091	0.06818181818181818	0.09090909090909091	0.09090909090909091	0.13636363636363635	0.09090909090909091	2
MUS	0.07567567567567568	0.07567567567567568	0.0936936936936937	0.0936936936936937	0.0990990990990991	0.08648648648648649	0.0918918918918919	0.08468468468468468	0.1009009009009009	0.0918918918918919	0.1063063063063063	15
MYT	0.044444444444444446	0.06666666666666667	0.08888888888888889	0.1111111111111111	0.08888888888888889	0.06666666666666667	0.1111111111111111	0.08888888888888889	0.1111111111111111	0.1111111111111111	0.1111111111111111	1
MEX	0.07519562454948762	0.07617653397141987	0.1030995251506662	0.08930734418774011	0.10140522705823778	0.08848991966946325	0.08941138003552081	0.09298575451998603	0.0971397572992294	0.09346877809896782	0.09332015545928111	3637
FSM	0.06201550387596899	0.07751937984496124	0.10852713178294573	0.10077519379844961	0.10077519379844961	0.09302325581395349	0.10077519379844961	0.08527131782945736	0.09302325581395349	0.08527131782945736	0.09302325581395349	3
MDA	0.07017543859649122	0.08020050125313283	0.1010860484544695	0.08939014202172096	0.0885547201336675	0.09273182957393483	0.09440267335004177	0.10275689223057644	0.0985797827903091	0.0860484544695071	0.0960735171261487	36
MCO	0.06377551020408163	0.07397959183673469	0.09438775510204081	0.09693877551020408	0.09693877551020408	0.09693877551020408	0.09438775510204081	0.09183673469387756	0.09948979591836735	0.09693877551020408	0.09438775510204081	11
MNG	0.06299212598425197	0.10236220472440945	0.11811023622047244	0.06299212598425197	0.08661417322834646	0.11023622047244094	0.1062992125984252	0.09448818897637795	0.09055118110236221	0.08661417322834646	0.07874015748031496	10
MNE	0.043478260869565216	0.07608695652173914	0.08695652173913043	0.06521739130434782	0.10869565217391304	0.09782608695652174	0.09782608695652174	0.11956521739130435	0.09782608695652174	0.08695652173913043	0.11956521739130435	4
MSR	0.078125	0.109375	0.09375	0.078125	0.078125	0.078125	0.109375	0.109375	0.09375	0.09375	0.078125	3
MAR	0.07081933316102353	0.08581028689583872	0.10157663478935125	0.0860687516154045	0.10157663478935125	0.09123804600672009	0.09382269320237788	0.09072111656758852	0.09201344016541742	0.09201344016541742	0.09433962264150944	108
MOZ	0.06369426751592357	0.07006369426751592	0.09554140127388536	0.07643312101910828	0.12738853503184713	0.12101910828025478	0.09554140127388536	0.07643312101910828	0.08917197452229299	0.08917197452229299	0.09554140127388536	4
MMR	0.0625	0.08854166666666667	0.09375	0.078125	0.09375	0.09375	0.09375	0.09375	0.11458333333333333	0.09895833333333333	0.08854166666666667	6
NAM	0.08571428571428572	0.08571428571428572	0.10952380952380952	0.09523809523809523	0.11428571428571428	0.08571428571428572	0.07142857142857142	0.0761904761904762	0.08571428571428572	0.10476190476190476	0.08571428571428572	6
NPL	0.07056451612903226	0.09274193548387097	0.09274193548387097	0.0907258064516129	0.08870967741935484	0.07862903225806452	0.10483870967741936	0.09475806451612903	0.1028225806451613	0.09274193548387097	0.0907258064516129	13
NLD	0.06872879349798784	0.08052552671032905	0.09745127436281859	0.09299297719561272	0.10238301901680738	0.09180935847865541	0.084510376390752	0.08699597569636235	0.10668350035508561	0.09200662826481495	0.09591257003077408	708
ANT	0.07754010695187166	0.08823529411764706	0.08823529411764706	0.10160427807486631	0.12032085561497326	0.0748663101604278	0.0855614973262032	0.06951871657754011	0.10695187165775401	0.0962566844919786	0.09090909090909091	11
NZL	0.06898415959344759	0.0836351840839055	0.09893496242633941	0.09671838676542142	0.10293561118019139	0.08666270205979348	0.0843380007568795	0.08725739309077148	0.10569281505108936	0.09104179056063146	0.09379899443152943	513
NIC	0.05591397849462366	0.06881720430107527	0.0967741935483871	0.08387096774193549	0.10967741935483871	0.08172043010752689	0.08387096774193549	0.08387096774193549	0.10752688172043011	0.1032258064516129	0.12473118279569892	16
NER	0.07563025210084033	0.07563025210084033	0.09243697478991597	0.05042016806722689	0.12605042016806722	0.11764705882352941	0.09243697478991597	0.07563025210084033	0.1092436974789916	0.1092436974789916	0.07563025210084033	3
NGA	0.07197696737044146	0.07773512476007678	0.10076775431861804	0.08061420345489444	0.1017274472168906	0.09213051823416507	0.09117082533589252	0.09404990403071017	0.09692898272552783	0.09980806142034548	0.09309021113243762	29
NIU	0.041666666666666664	0.05555555555555555	0.125	0.08333333333333333	0.09722222222222222	0.08333333333333333	0.08333333333333333	0.1111111111111111	0.1111111111111111	0.09722222222222222	0.1111111111111111	2
NOR	0.06789154867902496	0.0803349875930521	0.09504086994599328	0.09239527076339221	0.10509414683987739	0.09126404904393519	0.08476864691285943	0.0904247555101445	0.10438257188731571	0.0931980732739746	0.09520507955043059	1405
OMN	0.07246376811594203	0.09057971014492754	0.09782608695652174	0.09057971014492754	0.10144927536231885	0.10144927536231885	0.09420289855072464	0.08333333333333333	0.09782608695652174	0.09420289855072464	0.07608695652173914	7
PAK	0.07197763801537387	0.08211041229909155	0.09958071278825996	0.09014675052410902	0.0992313067784766	0.08874912648497554	0.09154437456324249	0.09014675052410902	0.09818308874912648	0.09993011879804332	0.08839972047519218	82
PLW	0.0	0.0	0.0	0.0	0.0	0.5	0.0	0.0	0.0	0.5	0.0	1
PSE	0.06166219839142091	0.08847184986595175	0.12064343163538874	0.08310991957104558	0.10991957104557641	0.0938337801608579	0.09651474530831099	0.08579088471849866	0.0938337801608579	0.08310991957104558	0.08310991957104558	10
PAN	0.06012176560121765	0.0806697108066971	0.1004566210045662	0.08904109589041095	0.09969558599695585	0.09056316590563165	0.09817351598173515	0.09969558599695585	0.10121765601217655	0.08447488584474885	0.0958904109589041	34
PNG	0.07326007326007326	0.08058608058608059	0.08424908424908426	0.11721611721611722	0.10256410256410256	0.10256410256410256	0.09157509157509157	0.08791208791208792	0.10622710622710622	0.08791208791208792	0.06593406593406594	7
PRY	0.06818181818181818	0.07007575757575757	0.11553030303030302	0.08901515151515152	0.10037878787878787	0.0946969696969697	0.0946969696969697	0.08901515151515152	0.09090909090909091	0.09848484848484848	0.08901515151515152	16
PER	0.07394957983193277	0.08123249299719888	0.10084033613445378	0.0915032679738562	0.09635854341736695	0.08982259570494865	0.08832866479925304	0.08888888888888889	0.1030812324929972	0.09281045751633987	0.09318394024276377	150
PHL	0.06893567926160946	0.08364580328814537	0.09691375829247188	0.09114508220363426	0.0951831554658206	0.08422267089702913	0.09720219209691376	0.09374098644361119	0.10008653014133256	0.09489472166137872	0.09402942024805307	95
POL	0.06346629560915275	0.08151669758812616	0.09570191713048856	0.08669604205318492	0.09755720470006184	0.09025200989486704	0.09288033395176253	0.0935374149659864	0.10826376004947434	0.09485157699443414	0.09527674706246135	769
PRT	0.07151585310952473	0.07942632966750274	0.0951829699659142	0.09222458035886552	0.10087465431860569	0.08717602418161939	0.08688661650266898	0.09035950865007396	0.10322207215898128	0.09704804167470577	0.09608334941153772	864
PRI	0.07062600321027288	0.08560727661851257	0.10165864098448368	0.09416800428036383	0.10807918673087212	0.08400214018191546	0.08560727661851257	0.08614232209737828	0.09149277688603531	0.09844836811128946	0.09416800428036383	49
QAT	0.09523809523809523	0.0873015873015873	0.09523809523809523	0.07936507936507936	0.09523809523809523	0.11904761904761904	0.07142857142857142	0.09523809523809523	0.07936507936507936	0.10317460317460317	0.07936507936507936	4
ROU	0.06914488708449631	0.08170515097690942	0.1016239533113423	0.08919056077137782	0.10098959654909921	0.08475006343567622	0.09401167216442527	0.08842933265668612	0.1001014970819589	0.09781781273788379	0.09223547323014464	234
RUS	0.07520685188611911	0.08157762563112955	0.09423986888366068	0.08911152819265643	0.09989690449126332	0.09344682650876311	0.09492717227523857	0.09016891802585318	0.09561447566681647	0.09516508498770784	0.09064474345079172	1154
RWA	0.09302325581395349	0.09302325581395349	0.09302325581395349	0.09302325581395349	0.09302325581395349	0.10465116279069768	0.10465116279069768	0.09302325581395349	0.09302325581395349	0.09302325581395349	0.046511627906976744	2
SHN	0.06666666666666667	0.06666666666666667	0.08888888888888889	0.044444444444444446	0.1111111111111111	0.1111111111111111	0.1111111111111111	0.1111111111111111	0.06666666666666667	0.1111111111111111	0.1111111111111111	1
KNA	0.07692307692307693	0.07692307692307693	0.07692307692307693	0.07692307692307693	0.07692307692307693	0.15384615384615385	0.11538461538461539	0.07692307692307693	0.07692307692307693	0.11538461538461539	0.07692307692307693	1
LCA	0.07317073170731707	0.07317073170731707	0.07317073170731707	0.07317073170731707	0.12195121951219512	0.12195121951219512	0.0975609756097561	0.0975609756097561	0.07317073170731707	0.12195121951219512	0.07317073170731707	1
VCT	0.08695652173913043	0.10869565217391304	0.08695652173913043	0.08695652173913043	0.08695652173913043	0.08695652173913043	0.08695652173913043	0.08695652173913043	0.10869565217391304	0.08695652173913043	0.08695652173913043	2
SMR	0.09375	0.1	0.0875	0.09375	0.1125	0.05625	0.08125	0.0875	0.09375	0.1	0.09375	4
SAU	0.07077922077922078	0.08051948051948052	0.09025974025974026	0.08766233766233766	0.1025974025974026	0.08571428571428572	0.10519480519480519	0.09740259740259741	0.09285714285714286	0.0987012987012987	0.08831168831168831	41
SEN	0.0546875	0.0859375	0.078125	0.07421875	0.1328125	0.07421875	0.10546875	0.109375	0.109375	0.0859375	0.08984375	9
SRB	0.06751054852320675	0.08192686357243319	0.10021097046413502	0.08438818565400844	0.09774964838255977	0.08579465541490858	0.09950773558368495	0.09458509142053446	0.10583684950773559	0.08649789029535865	0.09599156118143459	78
SM2	0.07432432432432433	0.0945945945945946	0.10135135135135136	0.10135135135135136	0.10135135135135136	0.10810810810810811	0.06756756756756757	0.06756756756756757	0.11486486486486487	0.10135135135135136	0.06756756756756757	4
SLE	0.08163265306122448	0.09183673469387756	0.09183673469387756	0.10204081632653061	0.09183673469387756	0.10204081632653061	0.08163265306122448	0.07142857142857142	0.10204081632653061	0.09183673469387756	0.09183673469387756	2
SGP	0.06507356571541424	0.07346696948750864	0.09430236002764886	0.08897007998420065	0.10309074750666535	0.09163622000592475	0.09558605707514566	0.0896613014713143	0.10447319048089267	0.1011158289720549	0.09262367927322998	285
SVK	0.06818181818181818	0.08380681818181818	0.09248737373737374	0.09406565656565656	0.1038510101010101	0.08396464646464646	0.09059343434343434	0.09011994949494949	0.10369318181818182	0.09753787878787878	0.09169823232323232	191
SVN	0.06598654221836336	0.08226611677881485	0.09919687432168439	0.1004992402865205	0.10136748426307793	0.08747558063815933	0.08400260473192968	0.08921206859127415	0.09897981332754505	0.09876275233340569	0.09225092250922509	131
SOM	0.06741573033707865	0.10112359550561797	0.12359550561797752	0.0898876404494382	0.10112359550561797	0.12359550561797752	0.06741573033707865	0.056179775280898875	0.07865168539325842	0.11235955056179775	0.07865168539325842	3
ZAF	0.06477402512644803	0.07472670908794257	0.09968999836841247	0.09218469570892478	0.10148474465655083	0.08957415565345081	0.09104258443465492	0.09104258443465492	0.1027900146842878	0.0957741882852015	0.09691629955947137	170
ESP	0.0759566390248776	0.07792986312318913	0.1026700969127785	0.08904485962633629	0.10779048856029573	0.08432410830252772	0.0832250974123289	0.09379058847037666	0.09683784593865521	0.09246677989809171	0.09596363273054251	2222
LKA	0.0670611439842209	0.08185404339250493	0.10650887573964497	0.08777120315581854	0.09960552268244575	0.09270216962524655	0.09368836291913216	0.09072978303747535	0.10256410256410256	0.09467455621301775	0.08284023668639054	29
SDN	0.07954545454545454	0.06818181818181818	0.10227272727272728	0.07954545454545454	0.11363636363636363	0.10227272727272728	0.09090909090909091	0.06818181818181818	0.11363636363636363	0.09090909090909091	0.09090909090909091	2
SUR	0.061946902654867256	0.10619469026548672	0.08849557522123894	0.12389380530973451	0.10619469026548672	0.07964601769911504	0.061946902654867256	0.061946902654867256	0.11504424778761062	0.08849557522123894	0.10619469026548672	3
SWZ	0.07936507936507936	0.10317460317460317	0.10317460317460317	0.0873015873015873	0.09523809523809523	0.07936507936507936	0.09523809523809523	0.0873015873015873	0.09523809523809523	0.0873015873015873	0.0873015873015873	3
SWE	0.07331212442559208	0.08024036762106751	0.09646518204312478	0.09720749381406858	0.10307529162248144	0.08833510074231177	0.08349240014139271	0.08928950159066808	0.10413573700954401	0.09066808059384941	0.09377872039589961	756
CHE	0.0654376886589047	0.08193186718413109	0.0975636050021561	0.09497628288055196	0.1038163001293661	0.08648663216903837	0.08990944372574386	0.09120310478654592	0.10354678740836568	0.09257761966364812	0.09255066839154807	1019
